4294967279,437
4294967278,353
4294967279,436
4294967279,435
4294967278,335
4294967278,175
4294967278,334
4294967279,391
4294967278,333
4294967278,297
4294967279,390
4294967278,332
4294967279,434
4294967278,352
4294967279,423
54,4
43,4
42,4
46,4
51,4
4294967279,433
62,4
39,4
38,4
47,4
63,4
61,4
69,4
67,4
65,4
73,4
71,4
4294967279,431
4294967278,347
55,5
55,2
4294967294,5
4294967294,1438
4294967279,404
55,1
62,5
4294967279,403
4294967279,412
4294967279,0
55,4
62,1
4294967294,82
4294967294,127
4294967294,474
4294967294,473
4294967294,92
4294967294,88
4294967294,475
4294967279,166
4294967294,7
4294967294,22
4294967294,17
4294967294,99
4294967294,76
4294967294,50
4294967294,1429
4294967294,1425
4294967294,478
4294967294,81
4294967294,40
4294967294,974
4294967294,1418
4294967278,132
4294967278,131
4294967278,130
4294967278,129
4294967278,128
4294967278,127
4294967278,126
4294967278,125
4294967278,124
4294967278,123
4294967278,122
4294967278,121
4294967278,120
4294967278,119
4294967278,118
4294967278,117
4294967278,116
4294967278,115
4294967278,114
4294967278,113
4294967278,112
4294967278,111
4294967278,110
4294967278,109
4294967278,108
4294967278,107
4294967278,106
4294967278,105
4294967278,104
4294967278,103
4294967278,102
4294967278,101
4294967278,100
4294967278,99
4294967278,98
4294967278,97
4294967278,96
4294967278,95
4294967278,94
4294967278,93
4294967278,92
4294967278,91
4294967278,90
4294967278,89
4294967278,87
4294967278,86
4294967278,85
4294967278,84
4294967278,83
4294967278,82
4294967278,81
4294967278,80
4294967278,79
4294967278,78
4294967278,77
4294967278,76
4294967278,75
4294967278,74
4294967278,73
4294967278,72
4294967278,71
4294967278,70
4294967278,69
4294967278,68
4294967278,67
4294967278,66
4294967278,65
4294967278,64
4294967278,63
4294967278,62
4294967278,61
4294967278,60
4294967278,59
4294967278,58
4294967278,0
4294967279,69
4294967279,65
4294967279,63
4294967279,61
4294967279,58
4294967279,56
4294967279,55
4294967279,52
4294967279,51
4294967279,49
4294967279,48
4294967279,47
4294967279,157
4294967279,44
4294967279,319
4294967279,420
4294967279,40
4294967279,34
4294967279,315
4294967279,31
4294967279,418
4294967279,28
4294967279,26
4294967279,25
4294967279,23
4294967279,21
4294967279,17
4294967279,16
4294967279,14
4294967279,11
4294967279,10
4294967279,9
4294967279,8
4294967279,7
4294967279,6
4294967279,5
4294967279,4
4294967294,46
4294967294,12
4294967294,19
4294967294,67
4294967294,6
4294967294,94
4294967294,93
4294967294,96
4294967294,95
111,4
111,3
111,2
111,1
0,5
4294967294,8
0,7
4294967294,1421
4294967294,43
4294967294,52
4294967294,51
4294967294,956
4294967294,923
4294967294,955
4294967294,419
4294967294,28
4294967294,926
4294967294,27
4294967294,1424
4294967294,26
4294967294,2
4294967294,0
4294967294,25
4294967294,91
4294967294,87
4294967294,84
4294967294,83
4294967294,68
4294967294,11
4294967278,378
4294967279,402
4294967279,400
110,9
4294967279,397
4294967278,377
4294967278,376
4294967278,375
4294967294,1432
110,8
110,7
110,6
110,5
110,4
110,3
110,2
110,1
4294967294,479
4294967294,472
4294967278,374
4294967293,131
4294967293,130
4294967293,129
4294967293,128
4294967293,127
4294967293,126
4294967293,125
4294967293,124
4294967293,123
4294967293,122
4294967293,121
4294967293,120
4294967293,119
4294967293,118
4294967293,117
4294967293,116
4294967293,115
4294967293,114
4294967293,113
4294967293,112
4294967293,111
4294967293,110
4294967293,109
4294967293,108
4294967293,107
4294967293,106
4294967293,105
4294967293,104
4294967293,103
4294967293,102
4294967293,101
4294967293,100
4294967293,99
4294967293,98
4294967293,97
4294967293,96
4294967293,95
4294967293,94
4294967293,93
4294967293,92
4294967293,91
4294967293,90
4294967293,89
4294967293,88
4294967293,87
4294967293,86
4294967293,85
4294967293,84
4294967293,83
4294967293,82
4294967293,81
4294967293,80
4294967293,79
4294967293,78
4294967293,77
4294967293,76
4294967293,75
4294967293,74
4294967293,73
4294967293,72
4294967293,71
4294967293,70
4294967293,69
4294967293,68
4294967293,67
4294967293,66
4294967293,65
4294967293,64
4294967293,63
